8220|63|16.00|8|1|16680|0|||16|20|||1|2|2
2211|63|972.20|18|26|15462|0|||40816|22|||1|1|1
269|63|1470.60|17|23|15628|0|||7512|45|||1|1|1
2109|63|1458.30|24|3|16494|0|||6965|93|||1|1|1
1210|63|2083.30|12|22|15671|0|||264|112|||1|1|1
3661|63|800.00|10|9|16353|0|||3473|112|||1|1|1
4203|63|1250.00|12|8|16388|0|||3704|121|||1|1|1
171|63|20.00|10|1|16671|0|||172|173|||2|2|2
1811|63|2083.30|12|7|16425|0|||2463|211|||1|1|1
2487|63|1388.90|18|34|15192|0|||5920|215|||1|1|1
1216|63|1250.00|18|16|15957|0|||489|222|||1|1|1
40193|63|1388.90|18|20|16315|0|||9198|226|||1|1|1
4208|63|1250.00|16|13|16104|0|||3497|401|||1|1|1
40886|63|2500.00|20|18|15861|0|||4653|453|||1|1|1
2497|63|2250.00|20|12|16158|0|||5008|466|||1|1|1
2242|63|2083.30|24|2|16562|0|||432|467|||1|1|1
3028|63|1500.00|15|11|16179|0|||456|469|||1|1|1
3662|63|1388.90|18|18|15879|0|||40693|480|||1|1|1
3497|63|1333.30|15|13|16108|0|||4208|488|||1|1|1
1222|63|1250.00|10|13|16137|0|||1216|489|||1|1|1
1013|63|2500.00|20|13|16087|0|||8109|490|||1|1|1
483|63|2083.30|12|7|16420|0|||517|550|||1|1|1
1295|63|2000.00|10|8|16398|0|||1419|594|||1|1|1
1247|63|1521.70|23|20|15762|0|||40199|594|||1|1|1
606|63|1388.90|18|3|16507|0|||40321|594|||1|1|1
4209|63|2500.00|20|24|15540|0|||2570|647|||1|1|1
4239|63|1750.00|20|26|15406|0|||3512|806|||1|1|1
6114|63|2083.30|24|23|15602|0|||5007|806|||1|1|1
40456|63|1388.90|18|19|15809|0|||2218|1209|||1|1|1
112|63|1111.10|18|15|15987|0|||3719|1210|||1|1|1
264|63|1388.90|18|16|15953|0|||4329|1210|||1|1|1
2838|63|2500.00|10|9|16352|0|||2524|1241|||1|1|1
2446|63|1600.00|5|8|16354|0|||2495|1252|||1|1|1
3468|63|1875.00|24|22|15653|0|||3435|1252|||1|1|1
426|63|1250.00|18|8|16364|0|||1269|1256|||1|1|1
40918|63|1388.90|18|2|16538|0|||6946|1256|||1|1|1
1267|63|2083.30|12|14|16050|0|||3922|1266|||1|1|1
3473|63|1388.90|18|10|16241|0|||40621|1276|||1|1|1
41006|63|2083.30|12|21|15719|0|||6990|1284|||1|1|1
1220|63|400.00|15|1|16587|0|||2529|1331|||1|1|1
607|63|1000.00|10|18|15893|0|||6985|1364|||1|1|1
3097|63|1388.90|18|33|15107|0|||5015|1395|||1|1|1
2832|63|1666.70|15|18|15878|0|||16|1407|||1|2|1
4511|63|2500.00|20|23|15607|0|||2363|1407|||1|1|1
41253|63|1250.00|18|11|16214|0|||2511|1410|||1|1|1
1498|63|1666.70|6|11|16195|0|||468|1413|||1|1|1
40822|63|2500.00|10|18|15864|0|||6196|1418|||1|1|1
1519|63|1388.90|18|23|15621|0|||4218|1421|||1|1|1
41225|63|1388.90|18|14|16064|0|||404|1432|||1|1|1
101|63|2500.00|20|17|15906|0|||426|1446|||1|1|1
42879|63|1666.70|15|24|15562|0|||3031|1820|||1|1|1
40355|63|1666.70|24|15|16011|0|||3801|1820|||1|1|1
1825|63|1470.60|17|6|16468|0|||2635|1824|||1|1|1
2635|63|2000.00|20|13|16117|0|||1823|1825|||1|1|1
3663|63|972.20|18|6|16452|0|||3573|2206|||1|1|1
40214|63|1388.90|18|24|15545|0|||432|2242|||1|1|1
42761|63|1388.90|18|11|16185|0|||467|2242|||1|1|1
2147|63|1388.90|18|9|16312|0|||1007|2242|||1|1|1
43705|63|781.20|16|11|16210|0|||2292|2264|||1|1|1
40173|63|1388.90|18|1|16621|0|||3810|2264|||1|1|1
2235|63|2083.30|24|24|15533|0|||2166|2265|||1|1|1
3450|63|666.70|12|6|16490|0|||60|2271|||1|1|1
3758|63|2083.30|12|12|16180|0|||3810|2271|||1|1|1
1468|63|833.30|15|13|16083|0|||3016|2274|||1|1|1
1828|63|16.00|8|1|16670|0|||20|2354|||2|2|2
1410|63|1666.70|15|15|16001|0|||509|2416|||1|1|1
9515|63|1521.70|23|53|15469|0|||3029|2417|||1|1|1
41670|63|1000.00|15|15|16429|0|||9345|2417|||1|1|1
2206|63|2083.30|12|6|16488|0|||3663|2433|||1|1|1
7950|63|1388.90|18|18|15848|0|||7531|2446|||1|1|1
1413|63|2500.00|10|13|16088|0|||1498|2447|||1|1|1
93|63|1750.00|20|16|15985|0|||40816|2448|||1|1|1
456|63|416.70|12|13|16092|0|||420|2463|||1|1|1
211|63|1388.90|18|3|16496|0|||496|2463|||1|1|1
2511|63|2500.00|20|12|16165|0|||40242|2473|||1|1|1
1331|63|666.70|12|6|16450|0|||1220|2529|||1|1|1
1354|63|1388.90|18|2|16559|0|||1843|2593|||1|1|1
2806|63|1666.70|24|25|15465|0|||469|2805|||1|1|1
43801|63|1388.90|18|21|15746|0|||8508|2817|||1|1|1
4802|63|2500.00|20|21|15734|0|||40117|2817|||1|1|1
3593|63|1666.70|6|9|16323|0|||3719|2846|||1|1|1
4531|63|1666.70|15|13|16090|0|||40478|3016|||1|1|1
469|63|1388.90|18|32|15243|0|||456|3028|||1|1|1
3777|63|2083.30|24|26|15375|0|||3470|3055|||1|1|1
43304|63|1500.00|10|20|15763|0|||2437|3410|||1|1|1
4330|63|750.00|10|19|15793|0|||519|3414|||1|1|1
6710|63|1388.90|18|20|15765|0|||3639|3435|||1|1|1
7149|63|2083.30|24|24|16205|0|||6933|3445|||1|1|1
40900|63|2083.30|12|13|16066|0|||7915|3445|||1|1|1
3481|63|666.70|12|2|16561|0|||402|3450|||1|1|1
468|63|1388.90|18|31|15305|0|||2294|3499|||1|1|2
1276|63|2045.40|11|19|15833|0|||3473|3573|||1|1|1
7512|63|1388.90|18|19|15829|0|||45|3582|||1|1|1
3949|63|666.70|12|3|16506|0|||40252|3582|||1|1|1
3719|63|833.30|12|9|16309|0|||112|3593|||1|1|1
3807|63|2083.30|12|2|16548|0|||1858|3617|||1|1|1
1805|63|1666.70|15|9|16319|0|||3429|3662|||1|1|1
435|63|2500.00|20|24|15531|0|||3575|3764|||1|1|1
560|63|2083.30|24|22|15676|0|||2497|3786|||1|1|1
1491|63|1250.00|12|22|15644|0|||416|3917|||1|1|1
8503|63|1666.70|24|7|16441|0|||1267|3922|||1|1|1
2570|63|2500.00|10|11|16208|0|||2248|4209|||1|1|1
2426|63|1875.00|24|23|15594|0|||442|4216|||1|1|1
4218|63|666.70|12|13|16065|0|||1421|4216|||1|1|1
3503|63|2083.30|12|12|16160|0|||1224|4329|||1|1|1
9193|63|937.50|16|17|9792|0|||40886|4511|||1|1|1
9193|63|937.50|16|29|10377|0|||40886|4511|||1|1|1
3051|63|1000.00|10|12|16162|0|||8738|4531|||1|1|1
2853|63|2500.00|10|11|16197|0|||1220|4555|||1|1|1
421|63|694.40|18|22|15670|0|||2211|4653|||1|1|1
40116|63|1111.10|18|9|16311|0|||209|4679|||1|1|1
40337|63|1666.70|15|30|15326|0|||4216|4679|||1|1|1
816|63|2000.00|10|8|16384|0|||7001|4690|||1|1|1
177|63|1923.10|13|9|16340|0|||468|4706|||1|1|1
3445|63|1388.90|18|22|15794|0|||295|5015|||1|1|1
42285|63|1666.70|15|39|15846|0|||7916|5717|||1|1|1
40387|63|1041.70|12|1|16584|0|||7923|5740|||1|1|1
6994|63|1923.10|13|13|16100|0|||647|5754|||1|1|1
18588|63|1458.30|24|20|16299|0|||9182|5758|||1|1|1
2510|63|2083.30|12|13|16107|0|||3474|5760|||1|1|1
5728|63|1388.90|18|27|16141|0|||7916|5918|||1|1|1
3769|63|2083.30|12|7|16417|0|||1407|5921|||1|1|1
3810|63|1388.90|18|21|15718|0|||3825|6114|||1|1|1
6173|63|1388.90|18|5|16523|0|||8134|6133|||1|1|1
9343|63|533.30|15|15|16430|0|||6178|6138|||1|1|1
6962|63|1111.10|18|22|16229|0|||7959|6163|||1|1|2
5717|63|1666.70|24|48|15641|0|||9151|6171|||1|1|1
8220|63|1666.70|15|47|15690|0|||20356|6172|||1|1|1
40031|63|1388.90|18|44|15757|0|||3917|6173|||1|1|1
9177|63|1388.90|18|40|15293|0|||2584|6190|||1|1|1
9206|63|1388.90|18|35|15968|0|||40193|6190|||1|1|1
7957|63|1388.90|18|20|16297|0|||6144|6195|||1|1|1
489|63|1500.00|4|6|16476|0|||1216|6196|||1|1|1
3686|63|694.40|18|26|15446|0|||3512|6709|||1|1|1
6910|63|833.30|6|23|16204|0|||7140|6908|||1|1|1
7108|63|972.20|18|45|15724|0|||6955|6927|||1|1|1
8714|63|2000.00|20|52|15518|0|||9902|6928|||1|1|1
9362|63|1388.90|18|24|16207|0|||9368|6962|||1|1|1
40320|63|2500.00|20|41|15806|0|||8720|6984|||1|1|1
9180|63|1875.00|24|29|16074|0|||9168|6997|||1|1|1
1858|63|1333.30|15|1|16601|0|||5015|7001|||1|1|1
462|63|1388.90|18|8|16369|0|||40341|7105|||1|1|1
647|63|2500.00|20|25|15488|0|||6994|7146|||1|1|1
8196|63|1388.90|18|15|16434|0|||6154|7519|||1|1|1
43276|63|2500.00|10|32|16043|0|||7950|7531|||1|1|1
41754|63|458.30|12|6|16469|0|||7923|7904|||1|1|1
1812|63|1666.70|15|26|15986|0|||6709|7915|||1|1|1
9151|63|972.20|18|6|16509|0|||7505|7934|||1|1|1
9302|63|1111.10|18|6|16474|0|||3617|7943|||1|1|1
8729|63|1666.70|6|4|16569|0|||5754|7949|||1|1|1
9204|63|1250.00|10|22|16247|0|||6154|8101|||1|1|1
9910|63|1458.30|24|25|16168|0|||9932|8105|||1|1|1
40346|63|750.00|12|18|16349|0|||6942|8123|||1|1|1
1269|63|1388.90|18|30|15324|0|||426|8186|||1|1|1
8207|63|1388.90|18|21|16267|0|||7951|8188|||1|1|1
8728|63|2083.30|24|52|15520|0|||9902|8200|||1|1|1
8188|63|1111.10|18|40|15813|0|||7951|8207|||1|1|1
8216|63|666.70|12|1|16614|0|||9361|8215|||1|1|1
41381|63|1500.00|10|19|16328|0|||9135|8218|||1|1|1
7952|63|833.30|18|22|16251|0|||2236|8219|||1|2|1
2430|63|1666.70|21|4|16572|0|||8201|8219|||1|1|1
41166|63|1388.90|18|21|16268|0|||9934|8223|||1|1|1
8734|63|1250.00|14|18|16333|0|||40574|8229|||1|1|1
5920|63|1458.30|24|41|15797|0|||2487|8301|||1|1|1
3922|63|1590.90|11|11|16222|0|||1331|8503|||1|1|1
3695|63|1388.90|18|6|16482|0|||1858|8503|||1|1|1
9202|63|1388.90|18|49|15639|0|||9304|8722|||1|1|1
5754|63|1388.90|18|11|16201|0|||6994|8729|||1|1|1
7949|63|2083.30|24|56|15401|0|||40817|8729|||1|1|1
8146|63|291.70|12|48|15679|0|||9167|8741|||1|1|1
6193|63|1388.90|18|16|16393|0|||9194|9110|||1|1|1
7954|63|694.40|18|40|15826|0|||9950|9112|||1|1|1
9125|63|1388.90|18|5|16541|0|||9163|9116|||1|1|1
7302|63|1388.90|18|24|16189|0|||6505|9170|||1|1|1
9109|63|1093.80|16|75|15506|0|||6160|9175|||0|1|1
6160|63|972.20|18|65|15312|0|||9109|9175|||1|0|1
9947|63|1388.90|18|69|15182|0|||8168|9185|||1|1|1
7146|63|1111.10|18|10|16248|0|||647|9190|||1|1|1
6908|63|833.30|12|29|16097|0|||6910|9301|||1|1|1
9329|63|1458.30|24|48|15665|0|||9916|9328|||1|1|1
8210|63|1388.90|18|41|15798|0|||5910|9338|||1|1|1
40517|63|1388.90|18|13|16119|0|||9358|9351|||1|1|1
42035|63|1388.90|18|48|15664|0|||9953|9356|||1|1|1
9192|63|1388.90|18|48|15667|0|||6505|9357|||1|1|1
40954|63|833.30|18|22|16235|0|||2417|9364|||1|1|2
8303|63|694.40|18|2|16618|0|||7958|9366|||1|1|1
5753|63|833.30|18|6|16518|0|||5719|9515|||1|1|1
9328|63|1000.00|10|36|15909|0|||8706|9910|||1|1|1
6928|63|1458.30|24|44|15750|0|||6933|9926|||1|1|1
8104|63|694.40|18|42|15885|0|||9212|9926|||1|1|1
8225|63|666.70|12|30|16054|0|||8223|9934|||1|1|1
20389|63|550.00|10|34|15972|0|||5902|9938|||1|1|1
6701|63|2000.00|20|39|15855|0|||6978|9950|||1|1|1
4225|63|2500.00|10|1|16580|0|||3811|10704|||1|1|1
9207|63|2500.00|4|2|16551|0|||6177|10704|||1|1|1
41650|63|1000.00|15|14|16057|0|||9345|12402|||1|1|1
20356|63|1388.90|18|62|15504|0|||8220|20367|||1|1|1
9938|63|1000.00|10|35|15966|0|||40336|20389|||1|1|1
209|63|1000.00|10|13|16115|0|||12402|40116|||1|1|1
1425|63|2045.40|22|17|15932|0|||1448|40242|||1|1|1
4216|63|1785.70|14|10|16252|0|||4218|40337|||1|1|1
6942|63|1000.00|15|34|15973|0|||8123|40346|||1|1|1
3110|63|1250.00|12|21|15736|0|||3582|40352|||1|1|1
453|63|1388.90|18|33|15221|0|||4680|40368|||1|1|1
42707|63|1388.90|18|32|16019|0|||17565|40518|||1|1|1
6178|63|2083.30|12|33|16002|0|||6138|40533|||1|1|1
9335|63|2250.00|20|50|15601|0|||9506|40545|||1|1|1
416|63|1500.00|10|19|15784|0|||3004|40587|||1|1|1
5015|63|1388.90|18|15|16030|0|||295|40621|||1|1|1
42060|63|1590.90|11|14|16038|0|||12274|40629|||1|1|1
8729|63|1388.90|18|38|12777|0|||5754|40817|||1|1|1
6946|63|500.00|10|17|16382|0|||9116|40918|||1|1|1
40367|63|1250.00|12|19|15838|0|||3474|40945|||1|1|1
3474|63|1388.90|18|20|15783|0|||3811|40945|||1|1|1
43406|63|833.30|18|22|16262|0|||9198|40966|||1|1|1
43564|63|1388.90|18|24|15510|0|||5007|41038|||1|1|1
7531|63|1388.90|18|21|15715|0|||7950|41100|||1|1|1
40136|63|972.20|18|54|15447|0|||7959|41166|||1|1|1
41110|63|1388.90|18|19|15801|0|||3418|41175|||1|1|1
9370|63|1666.70|24|8|16360|0|||488|41329|||1|1|1
6915|63|1388.90|18|7|16419|0|||9341|41407|||1|1|1
42645|63|1388.90|18|65|15304|0|||2484|41444|||1|1|1
43342|63|900.00|10|7|16440|0|||2471|41523|||1|1|1
5007|63|1388.90|18|31|15313|0|||3461|41650|||1|1|1
3029|63|1388.90|18|36|15910|0|||4218|41670|||1|1|1
2417|63|1250.00|18|22|16249|0|||9932|41670|||1|1|1
6505|63|694.40|18|67|15206|0|||9178|41740|||1|1|1
42160|63|937.50|16|4|16557|0|||2584|41821|||1|1|1
477|63|2500.00|10|12|16166|0|||3469|41860|||1|1|1
5918|63|2500.00|10|2|16607|0|||5728|42002|||1|1|1
6200|63|1388.90|18|31|16032|0|||9205|42035|||1|1|1
2609|63|1111.10|18|2|16570|0|||121|42123|||1|1|1
6119|63|1388.90|18|29|16073|0|||9180|42184|||1|1|1
2519|63|666.70|12|21|15744|0|||458|42377|||1|1|1
42342|63|833.30|12|29|16067|0|||6163|42650|||1|2|1
42168|63|1388.90|18|12|16147|0|||4207|42657|||1|1|1
43281|63|416.70|12|9|16326|0|||40691|42657|||1|1|1
2143|63|1388.90|18|26|15485|0|||269|42915|||1|1|1
42341|63|1388.90|18|1|16585|0|||2448|43040|||1|1|1
42827|63|1388.90|18|65|15301|0|||6144|43255|||1|1|1
8150|63|1923.10|13|48|15682|0|||7948|43255|||1|1|1
8217|63|1388.90|18|12|16157|0|||9164|43276|||1|1|1
42665|63|1176.50|17|21|16264|0|||9942|43339|||1|1|1
42438|63|1750.00|10|1|16624|0|||16033|43453|||1|1|1
9372|63|1388.90|18|5|16535|0|||7943|43637|||1|1|1
43442|63|533.30|15|9|16305|0|||2156|43671|||1|1|1
40889|63|1250.00|12|19|15831|0|||2529|43671|||1|1|1
2275|63|1388.90|18|19|15791|0|||3617|43705|||1|1|1
432|63|1250.00|14|12|16149|0|||7904|43728|||1|1|1
8508|63|1500.00|10|13|16106|0|||2846|43801|||1|1|1
43336|63|1388.90|18|16|16407|0|||7304|43928|||1|1|1
40294|63|2083.30|12|11|16218|0|||3807|43963|||1|1|1
20367|63|972.20|18|4|16574|0|||20356|43992|||1|1|1
7958|63|1388.90|18|2|16599|0|||8303|44009|||1|1|1
7923|63|2083.30|12|19|15775|0|||29|44176|||1|2|1
2427|63|1500.00|10|17|15901|0|||3758|44214|||1|1|1
8192|63|571.40|14|20|16292|0|||40545|44219|||1|1|1
12735|63|566.70|15|11|16215|0|||1823|44242|||1|1|1
9355|63|694.40|18|6|16502|0|||9116|44250|||1|1|1
3639|63|2083.30|12|18|15868|0|||1237|44284|||1|1|1
43129|63|2083.30|12|32|16022|0|||8731|44304|||1|1|1
10704|63|694.40|18|7|16427|0|||9207|44320|||1|1|1
40723|63|833.30|18|17|15921|0|||60|44322|||1|1|1
2484|63|1111.10|18|39|15875|0|||5744|44326|||1|1|1
40966|63|1111.10|18|57|15391|0|||7956|44345|||1|1|1
42002|63|1388.90|18|27|16142|0|||5918|44454|||1|1|1
9929|63|1000.00|10|15|16439|0|||8703|44484|||1|1|1
8703|63|1388.90|18|40|15836|0|||9929|44484|||1|1|1
457|63|1388.90|18|47|15240|0|||458|44573|||0|1|1
43634|63|2083.30|12|3|16537|0|||32|44574|||1|1|1
3620|63|1666.70|15|18|15845|0|||2128|44575|||1|1|1
41860|63|2500.00|10|19|15771|0|||3469|44657|||1|1|1
40678|63|833.30|18|15|16028|0|||8504|44661|||1|1|1
10703|63|666.70|12|6|16516|0|||9185|44687|||1|1|1
9111|63|1785.70|14|52|15517|0|||9108|44690|||1|1|1
9185|63|1388.90|18|52|15523|0|||8703|44707|||1|1|1
40518|63|1562.50|16|15|16432|0|||8208|44718|||1|1|1
9334|63|666.70|12|41|15778|0|||40518|44718|||1|1|1
9146|63|615.40|13|45|15741|0|||6171|44728|||1|1|1
2274|63|1388.90|18|9|16314|0|||1468|44730|||1|1|1
6253|63|433.30|15|32|16026|0|||7946|44799|||1|1|1
6312|63|1388.90|18|66|15253|0|||7142|44911|||1|1|1
41407|63|2500.00|10|7|16422|0|||6915|45535|||1|1|1
4653|63|1388.90|18|11|16217|0|||453|45620|||1|1|1
42086|63|1388.90|18|40|15827|0|||6110|45637|||1|1|1
42262|63|1388.90|18|36|15935|0|||9366|45736|||1|1|1
40908|63|500.00|10|20|16316|0|||7944|45818|||1|1|1
41635|63|1388.90|18|12|16133|0|||40496|45881|||1|1|1
40192|63|2500.00|10|8|16404|0|||3163|46026|||1|1|1
2485|63|2083.30|12|13|16061|0|||22|46027|||1|1|1
9902|63|1666.70|15|41|15773|0|||8714|46045|||1|1|1
805|63|1388.90|18|16|15963|0|||8147|46200|||1|1|1
2525|63|1250.00|18|12|16163|0|||3059|46204|||1|1|1
6927|63|1388.90|18|54|15452|0|||7108|46360|||1|1|1
43830|63|1388.90|18|1|16672|0|||5740|46519|||1|1|1
13247|63|2083.30|12|19|15816|0|||3163|46533|||1|1|1
631|63|1388.90|18|19|15830|0|||2125|46576|||1|1|1
9174|63|833.30|18|24|16170|0|||6182|47490|||1|1|1
9945|63|1176.50|17|41|15800|0|||9516|47494|||1|1|1
40508|63|2500.00|10|17|15926|0|||16033|47521|||1|1|1
6191|63|1500.00|10|35|15942|0|||9929|47633|||1|1|1
42500|63|1041.70|12|13|16484|0|||9335|47723|||1|1|1
114|63|500.00|15|13|16135|0|||1446|48030|||1|1|1
42740|63|1000.00|15|15|16015|0|||3508|48129|||1|1|1
2269|63|2083.30|12|9|16341|0|||2427|48818|||1|1|1
41062|63|1666.70|15|6|16466|0|||3135|49007|||1|1|1
2466|63|1666.70|15|16|15955|0|||60|49109|||1|1|1
43830|63|1388.90|18|13|16176|0|||5740|49113|||1|1|1
40816|63|1470.60|17|1|16586|0|||2634|49120|||1|1|1
1364|63|1388.90|18|7|16418|0|||607|49742|||1|1|1
43262|63|1388.90|18|31|16045|0|||2274|49753|||1|1|1
43040|63|1388.90|18|3|16497|0|||6986|49779|||1|1|1
40976|63|1388.90|18|13|16131|0|||1858|70725|||1|1|1
19|63|1875.00|24|9|16285|0|||2466|70733|||1|1|1
496|63|1470.60|17|22|15662|0|||47209|211|||1|1|1
46577|63|1388.90|18|31|15300|0|||2619|222|||1|1|1
41723|63|1666.70|24|12|16171|0|||41755|264|||1|1|1
45|63|1388.90|18|15|16009|0|||45904|269|||1|1|1
1432|63|2500.00|10|15|16010|0|||41225|404|||1|1|1
40587|63|1388.90|18|26|15370|0|||42459|416|||1|1|1
3004|63|1562.50|16|19|15814|0|||49004|416|||1|1|1
44347|63|1250.00|18|40|15824|0|||7105|462|||1|1|1
1834|63|1388.90|18|16|15954|0|||48135|464|||1|1|1
48135|63|833.30|18|18|15851|0|||1834|464|||1|1|1
3469|63|1388.90|18|8|16370|0|||42060|477|||1|1|1
47984|63|1041.70|12|10|16258|0|||458|477|||1|1|1
517|63|1785.70|14|9|16289|0|||47377|483|||1|1|1
3684|63|1388.90|18|24|15548|0|||48672|517|||1|1|1
41649|63|1388.90|18|15|15998|0|||49588|560|||1|1|1
2448|63|1388.90|18|22|15661|0|||42341|573|||1|1|1
3884|63|1388.90|18|1|16589|0|||46594|614|||1|1|1
802|63|2500.00|10|15|16021|0|||48271|614|||1|1|1
216|63|1388.90|18|9|16325|0|||43748|1216|||1|1|1
2408|63|1388.90|18|35|15126|0|||44171|1218|||1|1|1
40893|63|833.30|18|19|15837|0|||47798|1218|||1|1|1
40691|63|1041.70|12|11|16199|0|||43281|1238|||1|1|1
42963|63|500.00|10|10|16244|0|||45845|1238|||1|1|1
3032|63|1666.70|6|6|16486|0|||46129|1266|||1|1|1
3573|63|972.20|18|17|15913|0|||42915|1276|||1|1|1
4305|63|1250.00|14|23|15592|0|||44920|1284|||1|1|1
40345|63|833.30|15|21|15707|0|||42754|1354|||1|1|1
43160|63|833.30|18|21|15708|0|||44594|1359|||1|1|1
233|63|1388.90|18|21|15729|0|||48076|1409|||1|1|1
404|63|1388.90|18|19|15787|0|||46324|1432|||1|1|1
44735|63|1388.90|18|7|16421|0|||1456|1494|||1|1|1
49386|63|1388.90|18|8|16385|0|||2403|1494|||1|1|1
7915|63|666.70|15|14|16049|0|||40900|1812|||1|1|1
43278|63|1785.70|14|27|16161|0|||44344|1817|||1|1|1
464|63|2083.30|24|26|15407|0|||40963|1834|||1|1|1
40368|63|1388.90|18|10|16273|0|||42220|2211|||1|1|1
22|63|1388.90|18|9|16302|0|||48027|2211|||1|1|1
1395|63|1923.10|13|6|16467|0|||49281|2247|||1|1|1
551|63|2083.30|12|13|16060|0|||40902|2273|||1|1|1
5740|63|1388.90|18|6|16449|0|||44786|2403|||1|1|1
1218|63|1388.90|18|13|16101|0|||40893|2408|||1|1|1
40028|63|2500.00|10|6|16491|0|||44609|2416|||1|1|1
4690|63|1388.90|18|11|16243|0|||49742|2427|||1|1|1
49742|63|1388.90|18|16|15975|0|||1364|2427|||1|1|1
6123|63|1346.20|13|20|15755|0|||44581|2437|||1|1|1
41907|63|2083.30|12|46|15578|0|||44622|2447|||2|1|1
44648|63|1923.10|13|2|16549|0|||3503|2447|||1|1|1
43538|63|400.00|15|14|16473|0|||43534|2471|||1|1|1
49638|63|666.70|12|9|16342|0|||3450|2524|||1|1|1
6207|63|533.30|15|2|16556|0|||44785|2574|||1|1|1
42754|63|882.40|17|17|15919|0|||44172|2593|||1|1|1
43354|63|500.00|12|13|16059|0|||44888|2619|||1|1|1
2805|63|687.50|8|13|16103|0|||44730|2806|||1|1|1
47157|63|2083.30|12|15|16023|0|||3032|3026|||1|1|1
42652|63|2083.30|12|23|15598|0|||45317|3046|||1|1|1
45488|63|1388.90|18|24|15532|0|||2292|3163|||1|1|1
43748|63|833.30|12|13|16102|0|||44105|3166|||1|1|1
41329|63|1388.90|18|16|15983|0|||44044|3469|||1|1|1
40611|63|1388.90|18|7|16435|0|||44724|3470|||1|1|1
48697|63|972.20|18|8|16359|0|||1498|3473|||1|1|1
42915|63|1388.90|18|23|15635|0|||45789|3573|||1|1|1
2175|63|750.00|12|1|16604|0|||41661|3606|||1|1|1
222|63|1388.90|18|31|15306|0|||42273|3642|||1|1|1
3472|63|2500.00|10|7|16444|0|||44610|3704|||1|1|1
1843|63|1388.90|18|31|15298|0|||49006|4203|||1|0|1
40309|63|1388.90|18|30|15356|0|||45753|4207|||1|1|1
401|63|1388.90|18|9|16355|0|||45317|4208|||1|1|1
44436|63|1785.70|14|16|15991|0|||2570|4209|||1|1|1
806|63|1166.70|15|8|16351|0|||41650|4239|||1|1|1
48818|63|1041.70|12|15|16004|0|||3508|4329|||1|1|1
40902|63|1176.50|17|34|15168|0|||47664|4489|||1|1|1
653|63|1666.70|15|1|16612|0|||48661|4555|||1|1|1
2583|63|1388.90|18|10|16280|0|||42160|4680|||1|1|1
43709|63|1388.90|18|19|15766|0|||48973|4706|||1|1|1
6503|63|1388.90|18|20|16290|0|||46085|6119|||1|1|1
42611|63|694.40|18|65|15314|0|||42665|6138|||1|1|1
3418|63|1666.70|15|13|16126|0|||41110|6176|||1|1|1
9115|63|1000.00|10|14|16454|0|||45498|6188|||1|1|1
9191|63|1250.00|14|6|16463|0|||43276|6198|||1|1|1
6929|63|2500.00|10|22|16228|0|||44052|6202|||1|1|1
42200|63|1000.00|10|24|16172|0|||45520|6209|||1|1|1
46249|63|1388.90|18|29|16062|0|||7147|6209|||1|1|1
7946|63|500.00|15|45|15743|0|||44293|6253|||1|1|1
8144|63|1388.90|18|4|16573|0|||47487|6312|||1|1|1
43590|63|1388.90|18|57|15389|0|||45848|6503|||1|1|1
6978|63|1000.00|8|22|16233|0|||44303|6701|||1|1|1
44131|63|1388.90|18|28|16110|0|||1258|6701|||1|1|1
8218|63|2083.30|24|17|16383|0|||41381|6708|||1|1|1
7140|63|2500.00|10|19|16334|0|||44720|6910|||1|1|1
47509|63|1388.90|18|20|16293|0|||6172|6988|||1|1|1
6198|63|666.70|15|10|16272|0|||41100|6993|||1|1|1
6955|63|1388.90|18|20|16266|0|||45980|7108|||1|1|1
6164|63|1250.00|18|44|15753|0|||46249|7147|||1|1|1
47866|63|972.20|18|39|15856|0|||7142|7151|||1|1|1
42685|63|1388.90|18|31|16031|0|||44724|7304|||1|1|1
7505|63|1388.90|18|28|16111|0|||44728|7934|||1|1|1
8176|63|1666.70|15|13|16480|0|||44306|7944|||1|1|1
9366|63|833.30|18|53|15490|0|||42262|7958|||1|1|1
7142|63|1388.90|18|22|16250|0|||47116|7959|||1|1|1
41955|63|1388.90|18|3|16594|0|||46289|8141|||1|1|1
43255|63|1388.90|18|48|15648|0|||42827|8150|||1|1|1
9369|63|2500.00|10|17|16405|0|||47689|8163|||1|1|1
44719|63|2500.00|10|3|16595|0|||6921|8173|||1|1|1
7944|63|2500.00|20|53|15487|0|||40908|8176|||1|1|1
7151|63|1388.90|18|49|15634|0|||42002|8199|||1|1|1
1817|63|2500.00|10|6|16515|0|||44799|8199|||1|1|1
46320|63|972.20|18|70|15138|0|||6982|8203|||1|2|1
45554|63|1388.90|18|2|16598|0|||6946|8207|||1|1|1
2593|63|1250.00|18|15|15999|0|||42754|8210|||1|1|1
9338|63|1458.30|12|35|15948|0|||47702|8210|||1|1|1
9164|63|1388.90|18|21|16269|0|||41006|8217|||1|1|1
6165|63|350.00|10|28|16124|0|||45600|8742|||1|1|1
47761|63|1029.40|17|41|15768|0|||7105|8742|||1|1|1
5759|63|1388.90|18|28|16096|0|||41752|9110|||1|1|1
6188|63|2500.00|10|14|16462|0|||47687|9115|||1|1|1
6933|63|2083.30|12|41|15772|0|||41772|9125|||1|1|1
9108|63|1000.00|10|33|16003|0|||45637|9167|||1|1|1
43524|63|800.00|10|3|16592|0|||44045|9169|||1|1|1
43618|63|1111.10|18|65|15266|0|||44315|9169|||1|1|1
1271|63|800.00|10|2|16552|0|||47993|9189|||1|1|1
3617|63|1388.90|18|7|16411|0|||49651|9302|||1|1|1
8206|63|800.00|10|40|15818|0|||44481|9304|||1|1|1
7000|63|833.30|6|6|16503|0|||42221|9348|||1|1|1
43800|63|1388.90|18|10|16284|0|||44176|9358|||1|1|1
1029|63|833.30|18|53|15497|0|||40954|9359|||1|1|1
9368|63|1666.70|12|14|16461|0|||42706|9362|||1|1|1
46281|63|1730.80|13|31|16033|0|||5756|9364|||1|1|2
8163|63|2500.00|10|16|16410|0|||47689|9369|||1|1|1
1258|63|1388.90|18|13|16109|0|||44131|9506|||1|1|1
40813|63|333.30|15|43|15759|0|||44728|9926|||1|1|1
44179|63|1250.00|12|16|16403|0|||6944|9932|||1|1|1
40629|63|1666.70|6|12|16146|0|||47350|12274|||1|1|1
41906|63|1000.00|15|13|16478|0|||45626|40083|||1|1|1
44491|63|972.20|18|39|15865|0|||5902|40083|||1|1|1
7941|63|1388.90|18|9|16304|0|||45907|40192|||1|1|1
8159|63|1388.90|18|41|15795|0|||42411|40200|||1|1|1
46594|63|1666.70|15|12|16152|0|||3884|40309|||1|1|1
1008|63|800.00|10|9|16301|0|||47964|40321|||1|1|1
442|63|1388.90|18|16|15949|0|||44888|40337|||1|1|1
45905|63|1666.70|15|11|16236|0|||3036|40339|||1|1|1
43464|63|1388.90|18|26|15436|0|||42878|40478|||1|1|1
8208|63|892.90|14|2|16620|0|||45819|40518|||1|1|1
2135|63|1250.00|12|8|16363|0|||42459|40587|||1|1|1
12274|63|1458.30|12|12|16144|0|||47350|40629|||1|1|1
2341|63|1250.00|12|1|16630|0|||43671|40889|||1|1|1
48268|63|1388.90|18|25|15472|0|||6114|40893|||1|1|1
8741|63|1000.00|10|20|16298|0|||44681|40946|||1|1|1
42332|63|1388.90|18|56|15428|0|||43978|40953|||1|1|1
42411|63|1388.90|18|23|16223|0|||42314|40963|||1|1|1
46197|63|1388.90|18|1|16578|0|||2471|41038|||1|1|1
8223|63|1562.50|16|5|16522|0|||45664|41166|||1|1|1
43893|63|833.30|12|7|16443|0|||41253|41407|||1|1|1
8101|63|694.40|18|64|15364|0|||47494|41459|||1|1|1
7001|63|1000.00|10|13|16089|0|||48122|41523|||1|1|1
8301|63|694.40|18|6|16501|0|||45862|41556|||1|1|1
45315|63|1923.10|13|28|13395|0|||4706|41661|||1|1|1
45315|63|1111.10|18|17|15895|0|||4706|41661|||1|1|1
46977|63|1666.70|15|5|16525|0|||6172|41752|||1|1|1
3676|63|833.30|12|18|15877|0|||48994|41755|||1|1|1
9365|63|666.70|15|56|15400|0|||44561|41906|||1|1|1
9205|63|1388.90|18|5|16545|0|||46515|41955|||1|1|1
42457|63|2083.30|12|22|16239|0|||46099|42086|||1|1|1
9944|63|1388.90|18|36|15933|0|||44717|42229|||1|1|1
41369|63|1388.90|18|20|15758|0|||41755|42314|||1|1|1
2519|63|666.70|12|1|16633|0|||49036|42377|||1|1|1
43453|63|1000.00|6|1|16600|0|||44335|42438|||1|1|1
3693|63|1388.90|18|23|15627|0|||46262|42459|||1|1|1
46377|63|833.30|12|2|16626|0|||5717|42461|||1|1|1
44604|63|1388.90|18|31|15272|0|||509|42604|||1|1|1
44637|63|1785.70|14|16|16130|0|||3031|42604|||1|1|1
46483|63|1388.90|18|54|15453|0|||5758|42611|||1|1|1
44281|63|1388.90|18|53|15505|0|||1817|42685|||1|1|1
43253|63|833.30|18|29|16068|0|||43735|42820|||1|1|1
42836|63|1176.50|17|5|16519|0|||43618|42833|||1|1|1
42833|63|1333.30|15|23|16220|0|||45740|42836|||1|1|1
43485|63|533.30|15|19|16335|0|||43500|42874|||1|1|1
42825|63|1923.10|13|52|15552|0|||43617|42874|||1|1|1
43211|63|1041.70|12|5|16547|0|||43617|42936|||1|1|1
42834|63|666.70|15|18|16331|0|||46442|42938|||1|1|1
40491|63|533.30|15|1|16581|0|||42657|42963|||1|1|1
6986|63|1666.70|15|3|16492|0|||45845|43040|||1|1|1
46048|63|1562.50|16|19|15811|0|||1519|43214|||1|1|1
5731|63|1388.90|18|48|15695|0|||42938|43244|||1|1|1
43532|63|1388.90|18|5|16520|0|||43470|43244|||1|1|1
43735|63|666.70|15|29|16069|0|||46570|43253|||1|1|1
1434|63|533.30|15|2|16563|0|||44324|43281|||1|1|1
42711|63|2083.30|12|13|16479|0|||42202|43333|||1|1|1
7304|63|1250.00|16|56|15426|0|||45664|43336|||1|1|1
43412|63|1388.90|18|25|15470|0|||48368|43382|||2|1|2
40242|63|1388.90|18|34|15135|0|||41253|43418|||1|1|1
46323|63|1333.30|6|9|16300|0|||361|43418|||1|1|1
49844|63|533.30|15|11|16219|0|||1395|43464|||1|1|1
43244|63|1388.90|18|15|16433|0|||44316|43470|||1|1|1
43606|63|1041.70|12|17|16378|0|||46263|43523|||1|1|1
9952|63|666.70|12|29|16076|0|||43606|43524|||1|1|1
44328|63|666.70|15|29|15965|0|||2128|43534|||1|1|1
43677|63|1388.90|18|14|16457|0|||46886|43590|||1|1|1
43523|63|833.30|18|64|15365|0|||43129|43606|||1|1|1
9169|63|833.30|18|65|15269|0|||47508|43618|||1|1|1
44574|63|600.00|15|11|16175|0|||1519|43634|||1|1|1
48271|63|1388.90|18|2|16567|0|||4680|43634|||1|1|1
42603|63|694.40|18|32|16024|0|||44252|43637|||1|1|1
43214|63|972.20|18|26|15458|0|||46048|43671|||1|1|1
44044|63|1388.90|18|22|15685|0|||3825|43801|||1|1|1
43927|63|1923.10|13|52|15524|0|||43928|43917|||1|1|1
41755|63|1388.90|18|14|16044|0|||48002|43963|||1|1|1
6203|63|533.30|15|32|16017|0|||44294|44009|||1|1|1
3825|63|1388.90|18|26|15405|0|||44976|44044|||1|1|1
40321|63|1388.90|18|9|16324|0|||46262|44172|||1|1|1
44171|63|1388.90|18|61|15145|0|||3769|44214|||1|1|1
44294|63|1000.00|15|14|16472|0|||6921|44241|||1|1|1
42246|63|1388.90|18|2|16596|0|||46848|44255|||1|1|1
40031|63|1388.90|18|1|16642|0|||42059|44283|||1|1|1
42059|63|1785.70|14|10|16287|0|||47191|44283|||1|1|1
3512|63|1666.70|15|1|16613|0|||43809|44286|||1|1|1
6921|63|1388.90|18|28|16098|0|||44719|44294|||1|1|1
12402|63|1388.90|18|34|15153|0|||41650|44320|||1|1|1
4706|63|1923.10|13|22|15693|0|||43709|44324|||1|1|1
3479|63|1388.90|18|19|15802|0|||45706|44324|||1|1|1
7105|63|1388.90|18|38|15890|0|||47761|44347|||1|1|1
7128|63|1750.00|10|40|15820|0|||44714|44390|||1|1|1
44714|63|1500.00|10|40|15821|0|||7128|44390|||1|1|1
8118|63|666.70|12|21|16270|0|||43985|44454|||1|1|1
5922|63|1388.90|18|1|16628|0|||43956|44519|||1|1|1
42671|63|892.90|14|35|15964|0|||44577|44542|||1|1|1
443|63|666.70|15|17|15934|0|||45974|44559|||1|1|1
42604|63|1388.90|18|9|16336|0|||49646|44604|||1|1|1
1407|63|1562.50|16|24|15535|0|||47336|44608|||1|1|1
46093|63|2083.30|12|43|15764|0|||6204|44632|||1|1|1
43439|63|2083.30|12|12|16159|0|||44285|44638|||1|1|1
42314|63|2083.30|12|1|16632|0|||44575|44657|||1|1|1
43917|63|1388.90|18|5|16546|0|||44151|44694|||1|1|1
8183|63|1250.00|18|5|16527|0|||44778|44701|||1|1|1
7144|63|1388.90|18|67|15204|0|||44010|44714|||1|1|1
44687|63|1388.90|18|30|16042|0|||6133|44715|||1|1|1
49939|63|2083.30|12|11|16226|0|||3032|44731|||1|1|1
46028|63|1388.90|18|17|16379|0|||6701|44790|||1|1|1
42202|63|1388.90|18|4|16566|0|||49059|44792|||1|1|1
47538|63|1388.90|18|75|15212|0|||3622|44792|||1|2|1
8199|63|1388.90|18|5|16550|0|||46008|44799|||1|1|1
6170|63|1785.70|14|15|16414|0|||45365|44830|||1|1|1
45365|63|900.00|10|16|16412|0|||6170|44830|||1|1|1
42309|63|1923.10|13|25|16193|0|||44778|44846|||1|1|1
43965|63|1071.40|14|6|16487|0|||6710|44862|||1|1|1
9357|63|1388.90|18|25|16184|0|||45692|44965|||1|1|1
48108|63|1388.90|18|19|15767|0|||3642|44995|||1|1|1
1349|63|2083.30|12|1|16675|0|||47799|45208|||1|1|1
44255|63|1388.90|18|49|15668|0|||6927|45364|||1|1|1
9170|63|972.20|18|48|15656|0|||46904|45558|||1|1|1
40200|63|500.00|15|27|16123|0|||46176|45600|||1|1|1
2495|63|666.70|12|21|15730|0|||45523|45644|||1|1|1
44808|63|750.00|12|22|15640|0|||269|45789|||1|1|1
41063|63|1388.90|18|47|15686|0|||42200|45854|||1|1|1
42862|63|2500.00|10|9|16329|0|||49174|45861|||1|1|1
573|63|1388.90|18|31|15276|0|||44209|45862|||1|1|1
47989|63|1388.90|18|14|16470|0|||550|45896|||1|1|1
40339|63|1666.70|15|9|16339|0|||46080|45905|||1|1|1
41175|63|1388.90|18|19|15843|0|||49646|46041|||1|1|1
8213|63|1388.90|18|7|16415|0|||44283|46079|||1|1|1
43438|63|666.70|12|22|16259|0|||40966|46129|||1|1|1
48128|63|600.00|15|1|16629|0|||2635|46142|||1|1|1
2529|63|2000.00|10|11|16209|0|||40889|46143|||1|1|1
594|63|500.00|15|16|15984|0|||43441|46145|||1|1|1
46085|63|1388.90|18|25|16182|0|||6503|46146|||1|1|1
43954|63|1388.90|18|39|15873|0|||44725|46200|||1|1|1
1456|63|2000.00|10|3|16499|0|||43354|46237|||1|1|1
43928|63|1785.70|14|28|16121|0|||43336|46286|||1|1|1
361|63|833.30|12|10|16279|0|||44645|46323|||1|1|1
44610|63|1666.70|12|11|16187|0|||2806|46463|||1|1|1
8504|63|1111.10|18|44|15749|0|||44286|46464|||1|1|1
43333|63|2083.30|12|4|16571|0|||46045|46480|||1|1|1
42878|63|1562.50|16|22|15678|0|||70724|46519|||1|1|1
2294|63|1750.00|10|1|16579|0|||42273|46545|||1|1|1
43534|63|666.70|15|48|15666|0|||44328|46570|||1|1|1
40117|63|1388.90|18|21|15735|0|||48397|46594|||1|1|1
49948|63|2083.30|12|1|16666|0|||233|46879|||1|1|1
6204|63|2083.30|12|45|15737|0|||46093|47111|||1|1|1
2475|63|533.30|15|18|15872|0|||47180|47174|||1|1|2
45154|63|1111.10|18|24|15566|0|||464|47483|||1|1|1
41752|63|1458.30|12|32|16018|0|||46977|47490|||1|1|1
6988|63|750.00|12|16|16397|0|||42707|47509|||1|1|1
8732|63|1388.90|18|22|16231|0|||45727|47511|||1|1|1
2143|63|1388.90|18|1|16674|0|||45882|47514|||1|1|1
40953|63|1388.90|18|19|16327|0|||47492|47601|||1|1|1
47633|63|1388.90|18|36|15884|0|||6191|47607|||1|1|1
42065|63|1388.90|18|40|15834|0|||46094|47633|||1|1|1
6202|63|1388.90|18|22|16230|0|||44481|47642|||1|1|1
44693|63|1785.70|14|41|15777|0|||497|47696|||1|1|1
44686|63|1666.70|15|17|16394|0|||7151|47755|||1|1|1
45144|63|1388.90|18|25|15468|0|||4555|47940|||1|1|1
46804|63|833.30|18|21|15705|0|||1233|47950|||1|1|1
3590|63|1029.40|17|19|15769|0|||44172|47981|||1|1|1
42657|63|1388.90|18|8|16399|0|||47572|47986|||1|1|1
550|63|1250.00|12|2|16555|0|||45896|47989|||1|1|1
1409|63|833.30|12|13|16081|0|||44976|48010|||1|1|1
42578|63|1406.20|16|3|16590|0|||44787|48030|||1|1|1
4487|63|1500.00|10|9|16357|0|||49651|48061|||1|1|1
41439|63|2083.30|12|17|15927|0|||47993|48122|||1|1|1
40963|63|1250.00|18|2|3|0|||47483|48135|||1|1|1
40963|63|1250.00|18|7|16416|0|||48818|48135|||1|1|1
4680|63|1500.00|10|10|16276|0|||48122|48271|||1|1|1
40496|63|1470.60|17|14|16063|0|||48397|48271|||1|1|1
40779|63|1093.80|16|10|16237|0|||48672|48588|||1|1|1
47377|63|833.30|18|9|16308|0|||517|48588|||1|1|1
46449|63|833.30|12|16|15990|0|||1222|48727|||1|1|1
3508|63|1388.90|18|14|16058|0|||42740|48818|||1|1|1
48491|63|1388.90|18|26|15385|0|||1508|48991|||1|1|2
49670|63|583.30|6|8|16371|0|||1425|49007|||1|1|1
49427|63|833.30|18|8|16391|0|||402|49092|||1|1|1
44658|63|2083.30|12|11|16212|0|||462|49160|||1|1|1
45594|63|1562.50|16|8|16368|0|||1834|49218|||1|1|1
43846|63|1500.00|10|9|16310|0|||45861|49651|||1|1|1
40352|63|694.40|18|8|16401|0|||44462|49749|||1|1|1
7124|63|1388.90|18|28|16112|0|||44847|70735|||1|1|1
46262|63|833.30|18|34|15170|0|||44505|22|||1|1|1
44176|63|892.90|14|22|15683|0|||45594|29|||1|1|2
44335|63|1470.60|17|18|15860|0|||43453|88|||1|1|1
49609|63|1388.90|18|37|15654|0|||45317|401|||2|1|1
46109|63|2083.30|12|1|16588|0|||49160|462|||1|1|1
60227|63|1388.90|18|12|16156|0|||44284|497|||1|1|1
48473|63|1666.70|15|26|15461|0|||41523|574|||1|1|1
46095|63|1250.00|18|65|15320|0|||46139|574|||1|1|1
49991|63|2500.00|10|26|16034|0|||48397|614|||2|1|1
46233|63|833.30|18|21|15711|0|||47950|1233|||1|1|1
43966|63|500.00|15|22|16257|0|||46145|1247|||1|1|1
46129|63|1388.90|18|35|15960|0|||40193|1266|||1|1|1
47677|63|1388.90|18|1|16610|0|||8109|1295|||1|1|1
46853|63|1388.90|18|18|15902|0|||48368|1359|||1|1|1
44323|63|1666.70|15|56|15441|0|||46463|1410|||1|1|1
47336|63|2500.00|10|13|16136|0|||46237|1456|||1|1|1
45141|63|2083.30|12|23|15588|0|||41038|1501|||1|1|2
48061|63|1111.10|18|16|15988|0|||46449|2156|||1|1|1
47858|63|1250.00|10|18|15849|0|||48368|2166|||1|1|1
45527|63|1500.00|15|24|15515|0|||47381|2235|||1|1|1
47381|63|1388.90|18|17|15914|0|||44594|2236|||1|1|2
44412|63|1388.90|18|40|15792|0|||41881|2274|||1|1|1
46545|63|550.00|10|9|16350|0|||44276|2294|||1|1|1
48688|63|833.30|18|46|15700|0|||8201|2430|||1|1|1
44326|63|1250.00|12|5|16542|0|||42645|2484|||1|1|1
48670|63|1388.90|18|34|15194|0|||48672|2606|||1|1|1
44559|63|1388.90|18|17|15917|0|||48102|2609|||1|1|1
48027|63|1428.60|14|7|16400|0|||49120|2634|||1|1|1
44730|63|1388.90|18|2|16531|0|||44285|2805|||1|1|1
49753|63|1388.90|18|7|16402|0|||49435|2805|||1|1|1
45821|63|1000.00|8|15|16006|0|||42060|2853|||1|1|1
45105|63|2000.00|10|16|15945|0|||49608|2853|||1|2|1
49371|63|500.00|10|16|15946|0|||44607|3026|||1|1|1
44322|63|1250.00|18|28|16125|0|||45846|3036|||1|1|1
44862|63|1785.70|14|8|16389|0|||40316|3046|||1|1|1
45706|63|1388.90|18|42|15148|0|||45208|3479|||1|1|1
49005|63|1500.00|15|13|16086|0|||49645|3555|||1|1|1
44172|63|1250.00|18|6|16453|0|||47981|3590|||1|1|1
45881|63|1666.70|12|7|16408|0|||44639|3602|||1|1|1
46739|63|1785.70|14|25|15476|0|||43214|3704|||1|1|1
47769|63|833.30|12|10|16263|0|||46879|3786|||1|1|1
49387|63|833.30|18|14|16047|0|||49188|3825|||1|1|1
46165|63|2083.30|12|13|16145|0|||43634|3884|||1|1|1
46238|63|666.70|15|16|15974|0|||45882|4489|||1|1|1
45620|63|1388.90|18|16|15951|0|||44242|4653|||1|1|1
44286|63|1562.50|16|2|16560|0|||46119|5740|||1|1|1
47573|63|1041.70|12|5|16534|0|||42871|5760|||1|1|1
45444|63|1500.00|10|24|16206|0|||45498|5902|||1|1|1
45498|63|2500.00|10|15|16438|0|||9176|6154|||1|1|1
45742|63|1388.90|18|36|15898|0|||45651|6189|||1|1|1
46094|63|1406.20|16|52|15500|0|||42065|6191|||1|1|1
44481|63|1666.70|15|24|16200|0|||45637|6202|||1|1|1
45899|63|833.30|18|45|15731|0|||43929|6303|||1|1|1
45644|63|1388.90|18|1|16611|0|||47048|6710|||1|1|1
47487|63|1388.90|18|68|15362|0|||44131|6921|||1|1|1
46464|63|833.30|15|41|15788|0|||46079|6947|||1|1|1
46079|63|1388.90|18|7|16495|0|||46464|6947|||1|1|1
45845|63|1388.90|18|3|16493|0|||42963|6986|||1|1|1
49993|63|2500.00|10|9|16306|0|||49435|6993|||1|1|1
47276|63|833.30|18|20|15760|0|||48129|6994|||1|1|1
47706|63|900.00|10|16|16392|0|||9137|7140|||1|1|1
45664|63|1388.90|18|36|15886|0|||43738|7304|||1|1|1
45802|63|1388.90|18|52|15492|0|||45819|7916|||1|1|1
47642|63|1388.90|18|32|16014|0|||47615|8150|||1|1|1
47494|63|1388.90|18|27|16128|0|||44542|8173|||1|1|1
48102|63|1176.50|17|24|16211|0|||48117|8221|||1|1|1
44665|63|1388.90|18|27|16139|0|||44325|8229|||1|1|1
45607|63|937.50|16|52|15537|0|||44906|8307|||1|1|1
45727|63|2083.30|12|22|16232|0|||47511|8732|||1|1|1
46945|63|1111.10|18|45|15740|0|||9112|9125|||1|1|1
44780|63|1388.90|18|52|15521|0|||8218|9153|||1|1|2
44493|63|1388.90|18|4|16524|0|||44363|9192|||1|1|1
44704|63|1388.90|18|19|16238|0|||45364|9192|||1|1|1
49651|63|1388.90|18|11|16196|0|||43846|9302|||1|1|1
45980|63|1388.90|18|39|15866|0|||47633|9328|||1|1|1
44691|63|961.50|13|15|16437|0|||46095|9348|||1|1|1
48129|63|1250.00|10|15|16027|0|||42740|9361|||1|1|1
44698|63|1388.90|18|69|15180|0|||9340|9945|||1|1|1
44512|63|1388.90|18|45|15742|0|||42262|9948|||1|1|1
45737|63|666.70|15|17|16365|0|||43541|17565|||1|1|1
46366|63|1111.10|18|16|16395|0|||7956|18588|||1|1|1
48838|63|833.30|18|40|15810|0|||44491|40083|||1|1|1
44107|63|2500.00|10|17|15931|0|||46594|40117|||1|1|1
44708|63|1923.10|13|18|16348|0|||44713|40193|||1|1|1
47654|63|1388.90|18|33|15218|0|||44644|40352|||1|1|1
44644|63|1388.90|18|17|15912|0|||47654|40352|||1|1|1
44724|63|1000.00|10|13|16477|0|||47482|40611|||1|1|1
44974|63|1388.90|18|18|15854|0|||7941|40621|||1|1|1
47048|63|1388.90|18|14|16051|0|||45644|40779|||1|1|1
48588|63|1250.00|10|6|16475|0|||49742|40779|||1|1|1
47798|63|1388.90|18|13|16148|0|||44786|40893|||1|1|1
47813|63|1250.00|18|65|15277|0|||45520|40954|||1|1|1
46453|63|666.70|12|35|15918|0|||44347|41063|||1|1|1
49525|63|1388.90|18|14|16448|0|||46181|41408|||1|1|1
47490|63|1111.10|18|66|15245|0|||46570|41752|||1|1|1
44781|63|366.70|15|40|15812|0|||8183|41825|||1|1|1
45626|63|1388.90|18|46|15702|0|||44790|41906|||1|1|1
45364|63|1388.90|18|20|16294|0|||44255|42002|||1|1|1
44876|63|1388.90|18|14|16455|0|||42457|42086|||1|1|1
44718|63|1785.70|14|49|15616|0|||44052|42285|||1|1|1
47586|63|694.40|18|39|15876|0|||47579|42285|||1|1|1
47601|63|1388.90|18|29|16070|0|||46590|42332|||1|1|1
45862|63|1250.00|4|1|16631|0|||44209|42411|||1|1|1
44252|63|1388.90|18|13|16481|0|||43978|42603|||1|1|1
44275|63|1388.90|18|27|16132|0|||47621|42685|||1|1|1
44519|63|1250.00|10|2|16622|0|||44325|42706|||1|1|1
46848|63|1388.90|18|54|15445|0|||42246|42833|||1|1|1
45789|63|1388.90|18|24|15550|0|||7512|42915|||1|1|1
44976|63|1388.90|18|6|16489|0|||48027|42963|||1|1|1
44304|63|2500.00|10|18|16361|0|||8731|43129|||1|1|1
44278|63|1666.70|15|6|16500|0|||44649|43176|||1|1|1
45717|63|1111.10|18|37|15900|0|||43381|43424|||1|1|1
44285|63|1250.00|10|13|16116|0|||44730|43439|||1|1|1
60330|63|1111.10|18|11|16194|0|||45644|43441|||1|1|1
44313|63|533.30|15|6|16517|0|||43244|43532|||1|1|1
44015|63|533.30|15|18|16362|0|||43211|43617|||1|1|1
49214|63|1111.10|18|35|15479|0|||46080|43670|||1|1|1
47648|63|1000.00|15|26|15459|0|||46238|43670|||1|1|1
45848|63|1388.90|18|16|16413|0|||46886|43677|||1|1|1
46463|63|1666.70|15|12|16155|0|||44610|43709|||1|1|1
46324|63|1388.90|18|33|15217|0|||41225|43809|||1|1|1
44689|63|694.40|18|35|15941|0|||44010|43929|||1|1|1
47689|63|1388.90|18|23|16203|0|||8163|43985|||1|1|1
46204|63|1388.90|18|16|15961|0|||45488|44044|||1|1|1
44713|63|1388.90|18|49|15617|0|||44724|44045|||1|1|1
44700|63|333.30|15|27|16140|0|||9923|44151|||1|1|1
60213|63|1250.00|18|10|16246|0|||49435|44209|||1|1|1
46319|63|833.30|15|28|16099|0|||9212|44218|||1|1|1
46722|63|1388.90|18|41|15796|0|||45676|44219|||1|1|1
44280|63|1388.90|18|66|15249|0|||44255|44278|||1|1|1
44151|63|1388.90|18|25|16183|0|||42246|44292|||1|1|1
47511|63|1388.90|18|15|16424|0|||44780|44293|||1|1|1
44277|63|735.30|17|13|16080|0|||42273|44298|||1|1|1
44241|63|571.40|14|21|16271|0|||44294|44306|||1|1|1
47485|63|1153.80|13|29|16077|0|||46442|44316|||1|1|1
45243|63|1388.90|18|25|15495|0|||43830|44320|||1|1|1
46200|63|833.30|18|40|15825|0|||43954|44326|||1|1|1
49109|63|1388.90|18|12|16178|0|||43453|44335|||1|1|1
46395|63|972.20|18|14|16458|0|||46104|44345|||1|1|1
43963|63|1666.70|15|15|15993|0|||46182|44419|||1|1|1
46673|63|2500.00|10|13|16143|0|||46545|44419|||1|1|1
45637|63|1388.90|18|37|15896|0|||7302|44481|||1|1|1
43984|63|694.40|18|38|15891|0|||43929|44491|||1|1|1
46008|63|1785.70|14|13|16485|0|||46483|44492|||1|1|1
45974|63|833.30|18|15|15995|0|||46041|44559|||1|1|1
48001|63|1388.90|18|3|16533|0|||47677|44559|||1|1|1
44694|63|1388.90|18|2|16606|0|||42707|44578|||1|1|1
44049|63|2083.30|12|14|16053|0|||45144|44594|||1|1|1
47518|63|833.30|18|10|16240|0|||43749|44609|||1|1|1
44639|63|1923.10|13|2|16554|0|||49754|44609|||1|1|1
46476|63|1562.50|16|6|16464|0|||47174|44661|||1|2|1
49646|63|1388.90|18|19|15805|0|||41110|44662|||1|1|1
48103|63|2500.00|10|6|16451|0|||41253|44672|||1|1|1
46400|63|1388.90|18|50|15600|0|||42200|44685|||1|1|1
47755|63|1388.90|18|1|16639|0|||46492|44686|||1|1|1
44851|63|500.00|15|14|16471|0|||46099|44687|||1|1|1
46146|63|1923.10|13|16|16396|0|||46085|44688|||1|1|1
49059|63|2083.30|12|17|16376|0|||48002|44691|||1|1|1
47696|63|833.30|15|41|15776|0|||47509|44693|||1|1|1
44578|63|1388.90|18|5|16540|0|||44561|44694|||1|1|1
44577|63|1388.90|18|44|15748|0|||42671|44701|||1|1|1
44040|63|1388.90|18|51|16078|0|||9357|44707|||2|1|1
46973|63|1562.50|16|45|15739|0|||9935|44708|||1|1|1
44728|63|2500.00|10|27|16127|0|||7505|44710|||1|1|1
44296|63|1923.10|13|9|16406|0|||42603|44715|||1|1|1
46099|63|1388.90|18|2|16605|0|||43917|44715|||1|1|1
44732|63|1388.90|18|2|16597|0|||46276|44717|||1|1|1
44685|63|366.70|15|14|16423|0|||46400|44727|||1|1|1
47191|63|1111.10|18|21|15732|0|||49188|44731|||1|1|1
44185|63|666.70|12|5|16543|0|||46276|44732|||1|1|1
44462|63|714.30|14|26|15404|0|||43176|44757|||1|1|1
44183|63|972.20|18|34|15141|0|||47574|44786|||1|1|1
48002|63|1785.70|14|22|16234|0|||49059|44792|||1|1|1
44345|63|972.20|18|57|15398|0|||9206|44849|||1|1|1
45677|63|350.00|10|18|16347|0|||45723|44879|||1|1|1
44105|63|875.00|4|3|16536|0|||47644|44922|||1|1|1
45542|63|1388.90|18|24|16169|0|||45444|44963|||1|1|1
45692|63|1250.00|18|54|15451|0|||44965|44964|||1|1|1
46576|63|1388.90|18|17|15938|0|||47648|44976|||1|1|1
44790|63|1388.90|18|5|16544|0|||9185|45493|||1|1|1
44720|63|1388.90|18|35|15967|0|||43955|45515|||1|1|1
44389|63|972.20|18|41|15817|0|||44578|45515|||0|1|1
44203|63|1666.70|15|35|15943|0|||44183|45535|||1|1|1
44963|63|1388.90|18|49|15615|0|||8734|45542|||1|1|1
49218|63|666.70|15|14|16039|0|||49749|45594|||1|1|1
44965|63|1388.90|18|49|15630|0|||44964|45692|||1|1|1
44964|63|1323.50|17|29|16071|0|||44965|45692|||1|1|1
46516|63|1346.20|13|39|15847|0|||48541|45716|||1|1|1
44846|63|1666.70|15|36|15883|0|||8203|45723|||1|1|1
44787|63|1388.90|18|57|15383|0|||46176|45732|||1|1|1
45515|63|1666.70|6|20|16265|0|||45379|45740|||1|1|1
44073|63|833.30|18|65|15309|0|||42723|45753|||1|1|1
48397|63|1388.90|18|31|15291|0|||44574|45753|||1|1|1
46264|63|781.20|16|57|15399|0|||46289|45841|||1|1|1
47621|63|1388.90|18|24|16202|0|||47602|45841|||1|1|1
44573|63|1388.90|18|15|16029|0|||40252|45850|||1|1|1
45903|63|666.70|12|2|16625|0|||42246|45855|||1|1|1
47158|63|694.40|18|46|15714|0|||9113|45899|||1|1|1
46080|63|1388.90|18|2|16564|0|||44095|45905|||1|1|1
47799|63|1125.00|8|3|16529|0|||46026|45907|||1|1|1
44684|63|1388.90|18|66|15574|0|||9340|45911|||0|1|1
47603|63|1562.50|16|5|16526|0|||9329|45980|||1|1|1
49113|63|600.00|15|1|16609|0|||45694|46026|||1|1|1
45907|63|1666.70|15|26|15373|0|||47799|46026|||1|1|1
47592|63|972.20|18|6|16510|0|||42703|46028|||1|1|1
48602|63|1388.90|18|24|15710|0|||49472|46041|||2|1|1
44454|63|1000.00|15|44|15747|0|||46139|46065|||1|1|1
46492|63|1388.90|18|27|16151|0|||47755|46065|||1|1|1
45723|63|1388.90|18|17|16381|0|||45677|46068|||1|1|1
44132|63|687.50|8|15|16431|0|||46264|46092|||1|1|1
44632|63|1388.90|18|36|15911|0|||44691|46093|||1|1|1
46152|63|2000.00|4|15|16436|0|||46395|46129|||1|1|1
44877|63|1388.90|18|33|16005|0|||47082|46157|||1|1|1
48366|63|2083.30|12|3|16511|0|||46468|46181|||1|1|1
46104|63|1000.00|6|4|16577|0|||47616|46190|||1|1|1
47672|63|500.00|10|25|16186|0|||42229|46200|||1|1|1
46289|63|1388.90|18|65|15317|0|||41955|46264|||1|1|1
46846|63|1666.70|15|2|16619|0|||47493|46276|||1|1|1
45558|63|1388.90|18|48|15655|0|||45717|46288|||1|1|1
45651|63|1666.70|15|4|16553|0|||45742|46288|||1|1|1
44218|63|1388.90|18|29|16075|0|||44454|46319|||1|1|1
44672|63|1388.90|18|7|16428|0|||48103|46323|||1|1|1
47492|63|1388.90|18|20|16291|0|||40953|46368|||1|1|1
47606|63|1388.90|18|20|16317|0|||47607|46378|||1|1|1
48973|63|1111.10|18|17|15920|0|||49004|46463|||1|1|1
49174|63|1250.00|14|9|16358|0|||43846|46468|||1|1|1
44661|63|1388.90|18|1|16608|0|||41649|46476|||1|1|1
45520|63|1000.00|10|19|16277|0|||42200|46480|||1|1|1
46065|63|2000.00|10|29|16072|0|||9170|46492|||1|1|1
46590|63|1388.90|18|17|16377|0|||42821|46493|||1|1|1
44419|63|1666.70|15|9|16288|0|||43963|46519|||1|1|1
44340|63|2083.30|12|46|15754|0|||41821|46530|||1|1|1
45627|63|1388.90|18|94|14515|0|||44911|46553|||1|1|1
49635|63|2083.30|12|7|16442|0|||47858|46740|||1|1|1
46276|63|666.70|15|1|16627|0|||47511|46846|||1|1|1
45676|63|2083.30|12|47|15692|0|||46912|46847|||1|1|1
44363|63|1388.90|18|17|16373|0|||44484|46848|||1|1|1
43956|63|937.50|16|5|16514|0|||40545|46886|||1|1|1
47617|63|1388.90|18|14|16460|0|||43985|46912|||1|1|1
43959|63|1111.10|18|20|16295|0|||47589|46912|||1|1|1
60183|63|735.30|17|18|16356|0|||43637|47082|||1|1|1
46378|63|1562.50|16|48|15681|0|||47606|47082|||1|1|1
44710|63|1111.10|18|63|15321|0|||46442|47112|||1|1|1
44182|63|1388.90|18|49|15620|0|||46458|47121|||1|1|1
47112|63|500.00|10|31|16037|0|||47485|47124|||1|1|1
45856|63|1785.70|14|22|15650|0|||45706|47180|||1|1|1
44731|63|1666.70|6|10|16286|0|||42059|47191|||1|1|1
48672|63|1388.90|18|33|15219|0|||40779|47377|||1|1|1
44594|63|1388.90|18|13|16082|0|||44662|47381|||1|1|1
44305|63|1388.90|18|22|16253|0|||44732|47485|||1|1|1
46139|63|972.20|18|65|15308|0|||46095|47488|||1|1|1
47579|63|1388.90|18|46|15697|0|||47602|47488|||1|1|1
46484|63|1388.90|18|47|15689|0|||46590|47492|||1|1|1
45743|63|694.40|18|18|16345|0|||46289|47494|||1|1|1
47082|63|1562.50|16|34|15971|0|||8147|47509|||1|1|1
47488|63|972.20|18|65|15319|0|||46139|47579|||1|1|1
47891|63|1388.90|18|28|16122|0|||47606|47586|||1|1|1
46580|63|500.00|15|37|15936|0|||46378|47589|||1|1|1
44009|63|1388.90|18|25|16190|0|||7958|47601|||1|1|1
47604|63|1562.50|16|2|16593|0|||42671|47603|||1|1|1
46202|63|833.30|18|5|16528|0|||49394|47616|||1|1|1
44988|63|1250.00|18|33|15976|0|||44519|47619|||1|1|1
46151|63|1388.90|18|16|15962|0|||45694|47654|||1|1|1
48138|63|972.20|18|52|15525|0|||9118|47672|||1|1|1
44219|63|1923.10|13|14|16459|0|||44632|47702|||1|1|1
47702|63|1250.00|10|35|15947|0|||47696|47710|||1|1|1
44725|63|1538.50|13|33|15997|0|||44780|47723|||1|1|1
44242|63|1000.00|10|11|16216|0|||12735|47754|||1|1|1
47589|63|1388.90|18|41|15799|0|||46378|47755|||1|1|1
44786|63|1388.90|18|31|15275|0|||44183|47798|||1|1|1
44209|63|1250.00|6|3|16504|0|||45862|47858|||1|1|1
45896|63|1923.10|13|6|16465|0|||44834|47989|||1|1|1
49755|63|1388.90|18|15|15981|0|||49668|47990|||1|1|1
49237|63|1388.90|18|8|16386|0|||47677|48001|||1|1|1
49162|63|1388.90|18|20|16303|0|||48045|48002|||1|1|1
49120|63|1923.10|13|2|16575|0|||44606|48027|||1|1|1
45885|63|625.00|12|5|16532|0|||43984|48045|||1|1|1
44792|63|1041.70|12|48|15651|0|||46337|48045|||1|1|1
48183|63|1666.70|12|23|15624|0|||44277|48108|||1|1|1
48353|63|1388.90|18|26|15408|0|||40585|48292|||2|1|2
48590|63|1111.10|18|16|15956|0|||48353|48292|||1|2|2
48745|63|1388.90|18|2|16576|0|||49644|48744|||1|1|1
43955|63|1923.10|13|17|16380|0|||44251|48838|||1|1|1
46026|63|875.00|4|3|16530|0|||47799|48994|||1|1|1
47664|63|800.00|10|8|16390|0|||48661|48994|||1|1|1
49645|63|1666.70|12|17|15922|0|||47990|49005|||1|1|1
46533|63|833.30|18|20|15751|0|||41813|49032|||1|1|1
46879|63|1388.90|18|9|16283|0|||46740|49036|||1|1|1
48045|63|1458.30|12|23|16224|0|||49162|49059|||1|1|1
49250|63|833.30|6|10|16245|0|||41881|49218|||1|1|1
49293|63|1388.90|18|15|15989|0|||49696|49277|||1|1|1
49346|63|566.70|15|22|15675|0|||49285|49281|||1|1|1
49281|63|833.30|18|22|15674|0|||49285|49346|||1|1|1
49649|63|1388.90|18|2|16591|0|||46368|49394|||1|1|1
46041|63|1500.00|10|18|15852|0|||41175|49472|||1|1|1
47990|63|1388.90|18|3|16505|0|||49755|49588|||1|1|1
49668|63|541.70|12|8|16367|0|||49755|49665|||1|1|1
49768|63|1000.00|10|10|16275|0|||49769|49667|||1|1|1
49277|63|1388.90|18|14|16040|0|||49293|49692|||1|1|1
46814|63|1875.00|4|6|16483|0|||43809|49748|||1|1|1
49769|63|708.30|12|10|16274|0|||49667|49768|||1|1|1
44229|63|1388.90|18|17|15889|0|||70721|70739|||1|1|1
